ParamNames = R_P; R_T; R_D; DP; DT; DD; ACp; AClp; ACs; ACls; x0; KmP; KmT; KmD
ParamUnits = [1/a]; [1/a]; [1/a]; [m^2/s]; [m^2/s]; [m^2/s]; [1]; [1]; [1]; [1]; [m]; [umol/L]; [umol/L]; [umol/L]
ParamValues = .08370668242; .05805729082; 9.9941595D-4; .79926218D-9; .72967382D-9; .50561259D-9; 1.0107116416; 1.0034825516; 1.0099859315; 1.0012954913; 3.2472617972; 49.997142069; 49.98790580; 50.000002319
