ParamNames = R_P; R_T; R_D; DP; DT; DD; ACp; AClp; ACs; ACls
ParamUnits = [1/a]; [1/a]; [1/a]; [m^2/s]; [m^2/s]; [m^2/s]; [1]; [1]; [1]; [1]
ParamValues = .10000012288; .06845227603; .04464273952; .93999696D-9; 1.0100086D-9; 1.1299957D-9; 1.0104116585; 1.0049999983; 1.0104116690; 1.0004999978
